              0        2038.28          15004          14994        15001.8        15002.1
       0.828996        1940.05        14620.8        14575.2        13171.5          14830
        1.64948        1861.58        14426.4        13994.3        11706.7        14692.9
        2.44071        1815.94        14436.5        13403.7        10868.3          14606
        3.20948        1789.34        14522.4        12895.4        10400.3        14548.9
        3.99251        1767.72          14638        12386.7        10037.3        14492.6
        4.78971        1749.68        14763.7        11898.2        9751.26        14444.3
        5.56972        1733.65          14884        11442.3        9507.34        14385.5
        6.34955        1719.71        14979.1        11055.1        9307.07        14319.8
        7.13092        1706.69        15064.1          10694        9129.39        14254.7
         7.9106        1694.34        15132.3          10370        8965.63        14184.8
        8.69222        1682.48        15185.3        10074.8        8816.59        14112.5
        9.47604        1671.11        15225.5        9807.95        8677.32        14036.9
        10.2603        1660.15        15253.7        9566.74        8546.31        13954.8
        11.0428        1649.49        15272.4        9341.56        8426.98        13873.4
        11.8265        1639.11        15273.6        9149.89        8313.29        13788.4
        12.6099        1629.14        15271.1        8970.31        8206.32          13701
        13.3933        1619.59          15265        8803.59        8105.48        13616.3
         14.177        1610.22        15252.5        8647.95        8011.03        13534.4
        14.9602        1601.14          15229        8514.85        7922.12        13443.8
        15.7456        1592.43        15207.6        8385.12        7836.85        13357.1
        16.5295        1584.38        15181.9        8275.13        7758.53        13273.6
        17.3103        1576.21          15155        8162.29        7682.08        13190.9
        18.0761        1568.59        15122.4         8069.3        7611.86        13109.1
         18.863        1560.55        15085.5        7975.72        7536.85        13020.3
        19.6454        1553.03        15047.3        7893.38        7468.27        12934.1
        20.4285         1545.8        15009.3        7815.51        7404.47        12845.8
        21.2107        1538.69        14965.4        7747.83        7344.55        12759.7
        21.9918        1531.76        14922.2        7683.49           7284        12675.8
        22.7726        1525.08        14879.4        7623.14        7226.77        12588.9
        23.5564        1518.59        14837.8         7565.2        7169.34        12504.2
         24.335        1512.23        14792.6        7513.68        7116.94        12417.8
        25.1172        1506.03        14748.4        7463.74        7065.68        12332.5
         25.894        1499.98          14703        7418.28        7016.44        12250.4
        26.6748        1494.05        14658.4        7373.96         6967.4          12169
        27.4566        1488.33        14616.2        7330.49        6919.62        12083.6
        28.2369        1482.58        14566.8         7296.6        6874.01        12001.3
        29.0139        1477.09        14522.9        7259.25        6829.53        11926.6
        29.7919        1471.75          14478        7225.66        6787.71        11847.8
        30.5696        1466.37        14430.6        7193.77        6747.91        11774.2
        31.3513        1461.15          14385        7162.95        6708.61        11698.5
        32.1258        1455.87        14338.5         7132.9        6667.89          11617
        32.9006        1450.87        14292.2        7107.84        6629.39        11542.5
        33.6764        1446.03        14248.7        7081.42        6591.55        11470.6
        34.4514        1441.21        14202.6        7059.43        6554.78        11397.2
        35.2268        1436.52        14159.7        7034.64        6518.79        11326.8
        36.0004        1431.91        14116.6        7011.53        6483.62        11256.7
        36.7753        1427.37        14072.1        6993.22        6447.22        11186.1
        37.5498        1422.87        14028.1        6972.95        6414.82        11116.4
        38.3263        1418.46        13984.6        6953.97        6382.17        11045.7
        39.0989         1414.1          13938        6941.29        6349.39        10978.1
        39.8907        1409.84        13895.5        6923.82        6317.23          10914
        40.6625        1405.71          13854        6907.29        6286.57        10847.7
        41.4347        1401.61        13817.1        6883.27        6256.25        10782.6
        42.2076        1397.53        13775.8        6866.81        6226.24        10716.9
        42.9796        1393.49        13734.4        6851.41        6196.58        10653.7
        43.7524        1389.38        13692.6        6834.92        6166.61        10592.6
        44.5224        1385.48        13649.6        6824.32        6138.87        10529.3
        45.2943        1381.62        13609.5        6810.33        6110.68        10466.2
         46.066        1377.81        13568.5        6798.65        6082.75        10403.5
        46.8359        1374.05        13529.2        6785.53        6054.04        10343.6
        47.6047        1370.31        13486.4        6777.79        6027.47        10283.1
        48.3757        1366.64        13448.1        6764.41        6000.06        10223.5
        49.1458        1363.05        13410.2        6751.73        5974.19        10165.4
        49.9117        1359.49        13373.1         6738.3        5948.28        10108.6
         50.681        1355.98        13335.3         6726.4        5923.53        10051.8
        51.4499        1352.47        13299.3        6712.21        5897.93        9995.25
        52.2212        1348.98        13260.5        6702.67        5872.94        9940.43
        52.9917        1345.53        13220.3        6695.82        5848.61        9883.63
        53.7605        1342.12        13182.4        6686.37        5824.03        9829.18
        54.5301         1338.7        13142.9        6679.25        5799.62        9776.44
        55.2981        1335.26        13101.7        6674.84        5773.82        9726.54
        56.0682        1331.86        13063.4        6665.58        5749.92        9673.84
        56.8369        1328.53        13025.8        6656.92        5726.37        9622.04
        57.6043        1325.25        12987.7        6650.24        5702.67        9570.41
        58.3699        1321.98        12947.4        6647.07        5679.39        9520.36
         59.138        1318.81        12913.3         6636.3        5655.24        9470.63
        59.9066        1315.62        12874.8        6631.72        5632.98        9419.23
         60.672        1312.42        12837.1        6625.32        5610.44        9371.15
        61.4382        1309.19        12799.6        6617.92        5588.22        9322.38
        62.2027        1305.96          12761        6611.54         5567.2        9273.64
        62.9683        1302.78        12723.4        6604.79        5546.25        9224.47
        63.7382        1299.64        12687.2        6596.89        5524.32        9180.26
        64.5083        1296.55        12650.5        6590.98        5502.46        9133.72
        65.2748        1293.43        12615.7        6581.01        5481.24        9090.38
        66.0439        1290.38          12580        6574.01        5460.62        9043.82
        66.8115        1287.24        12541.7        6568.94        5439.61        9001.22
        67.5782        1284.14        12504.3        6563.84        5417.91           8957
        68.3432        1281.07        12467.3         6558.4        5396.46        8915.49
        69.1117        1278.13        12432.6        6551.83        5376.17        8871.55
        69.8785         1275.2        12397.4        6546.81        5354.96        8828.07
        70.6448        1272.24          12361         6542.4        5334.85        8785.87
         71.409        1269.28        12322.5        6541.35        5314.97        8745.35
        72.1725        1266.32        12285.7        6537.79        5294.43        8705.98
        72.9407        1263.43        12249.1        6535.32        5274.43         8665.8
        73.7072        1260.56        12214.9        6529.22        5253.94        8625.67
        74.4733        1257.68        12179.2        6525.13        5234.79        8583.88
         75.242        1254.76        12143.9        6519.62        5214.78        8546.27
        76.0085        1251.95        12107.3        6518.56        5195.28        8502.54
        76.7706        1249.11        12073.6        6511.99         5175.7        8464.97
        77.5389        1246.28        12036.8        6510.97        5156.02        8428.64
        78.3044         1243.4        11998.8        6510.29        5136.54        8392.08
        79.0696        1240.59        11962.1        6509.08        5117.76        8350.68
        79.8348        1237.83        11931.2        6499.31        5099.04        8312.36
        80.6002           1235        11895.4        6495.57        5080.92        8275.82
        81.3684        1232.14        11858.2        6493.96        5062.02        8240.75
        82.1343        1229.41        11823.6        6491.24        5042.34        8203.97
        82.8949        1226.69        11788.7        6488.92        5024.03        8167.84
        83.6594        1223.97        11751.6        6489.85        5005.59        8130.63
        84.4262        1221.28        11718.4        6485.27        4987.06        8096.28
        85.1924        1218.52        11682.2         6483.6        4969.63        8060.94
        85.9571        1215.77        11647.2        6480.44        4951.61        8028.83
        86.7241        1213.09        11614.6        6474.91        4933.06        7996.69
         87.488        1210.35        11579.5        6471.89        4914.97        7964.46
        88.2526        1207.62        11544.2        6469.37        4897.31        7932.81
        89.0166        1204.94        11510.7        6464.95        4879.97         7902.3
        89.7811        1202.21        11473.5        6465.19        4863.22        7872.68
        90.5482        1199.51        11438.1        6463.47        4845.98        7844.37
         91.314        1196.81        11403.4        6460.79        4827.37        7816.55
        92.0801         1194.2        11368.5        6460.08        4809.77        7785.56
         92.843        1191.58        11335.7        6456.07         4792.1        7758.31
        93.6065        1188.94        11300.8        6454.59        4774.59        7730.44
        94.3729        1186.29        11264.8        6454.77        4756.92           7704
         95.136        1183.63        11229.8        6453.04        4739.84        7678.31
        95.9001        1181.02        11193.8        6454.29        4721.64        7650.74
        96.6652         1178.4        11158.4        6453.96        4704.87        7621.28
        97.4269        1175.82        11122.2        6455.85        4688.41         7594.3
        98.1899        1173.24        11089.2        6452.07         4671.9        7567.95
        98.9548         1170.6        11055.8        6448.09        4654.88        7542.52
        99.7207        1167.97        11021.3        6445.96        4637.38        7515.45
        100.481        1165.43        10986.7        6446.01        4619.47        7487.05
        101.247         1162.8        10952.8        6442.94        4602.56         7465.4
         102.01        1160.19        10917.6        6442.14        4586.07        7441.07
        102.774        1157.59        10883.4        6439.89         4569.9         7416.2
        103.539        1155.02        10846.2        6442.96        4554.05        7392.29
        104.306        1152.43        10809.6        6444.77        4537.87        7367.62
        105.071        1149.84        10774.6        6443.88        4521.67        7345.07
        105.836        1147.27        10740.6        6441.97        4505.29        7320.25
        106.599        1144.75        10706.2        6441.99        4488.01        7297.59
        107.363         1142.2        10672.2        6440.19        4471.52        7274.54
        108.125        1139.62        10637.5        6439.27        4454.89        7255.35
         108.89        1137.12        10602.8        6440.01        4438.44        7233.94
        109.655        1134.57        10567.5        6440.59        4421.44        7214.04
         110.42        1131.95        10529.9        6443.04        4404.69        7193.89
        111.188        1129.33        10492.6        6445.08        4388.23        7173.99
        111.945        1126.76        10456.9        6445.51        4372.12        7154.97
        112.708        1124.22        10422.7        6444.46        4355.38        7136.74
        113.473        1121.65        10388.1        6443.29        4338.82        7118.57
        114.239         1119.1        10355.7        6438.99        4321.33        7100.58
        115.004        1116.52        10319.2        6440.52        4304.65        7083.67
        115.767        1113.95        10282.6         6442.1        4289.05        7065.14
         116.53        1111.36        10246.6        6442.37        4272.85        7048.05
        117.292        1108.77        10207.8        6447.22         4256.3        7030.78
         118.06        1106.13        10171.9         6446.3        4240.53        7017.54
        118.824        1103.58        10135.9        6447.23        4224.85        6999.21
        119.587        1101.06        10100.3        6448.26        4208.52        6982.06
        120.353        1098.47        10063.4        6449.88        4192.07        6966.62
        121.117        1095.85        10028.7         6447.2        4176.08        6953.97
         121.88        1093.25        9991.81        6448.44        4160.38        6939.99
        122.646        1090.71        9956.18        6448.79        4144.53        6923.33
        123.409        1088.14        9920.09        6449.31        4128.59        6908.82
        124.174        1085.52        9880.88        6453.88        4112.22        6897.83
         124.94         1082.9        9843.54        6455.39        4095.77        6884.23
        125.705        1080.33        9806.78        6456.87        4079.69        6870.33
        126.466        1077.78        9771.21        6456.89        4063.61        6857.78
        127.233        1075.24        9734.54        6458.83        4047.21        6845.55
        127.996        1072.66        9695.46        6463.77        4031.05        6832.63
        128.764        1070.12        9659.41        6464.62         4014.7        6819.41
        129.526         1067.6        9623.72        6465.48        3998.56        6807.72
        130.292        1065.08         9585.7        6469.73        3982.63        6794.08
        131.058        1062.55         9548.8        6472.11        3966.46        6782.12
         131.82        1060.07        9514.29        6471.67        3950.84        6769.33
        132.587        1057.59        9481.11        6468.95        3935.55        6759.33
        133.355        1055.08        9443.18        6473.27        3920.06        6750.18
        134.117        1052.61        9407.83         6474.3        3904.65        6740.44
        134.883        1050.13        9372.79        6474.49        3889.14        6729.82
        135.646        1047.71        9338.87        6474.13        3873.37        6718.47
        136.411        1045.27        9304.63        6473.79        3858.15         6710.9
        137.177        1042.88        9271.52         6472.8        3843.58        6701.79
        137.945        1040.49        9234.32        6478.21        3828.44        6692.01
        138.709         1038.1        9198.15        6482.25        3813.29        6685.53
        139.474        1035.77        9164.37        6483.39        3798.55        6676.27
        140.241        1033.47        9130.42        6485.53        3783.44        6666.69
        141.005        1031.14        9095.75        6488.14        3769.49        6659.46
        141.772        1028.85        9063.04        6488.54        3755.04        6652.01
        142.539        1026.64        9030.97        6489.37        3740.81        6641.81
        143.302        1024.41        8999.69        6488.79        3726.56        6635.02
        144.068        1022.18        8968.38        6488.08        3712.95        6628.37
        144.833           1020        8935.68        6490.57        3699.24        6622.27
        145.595        1017.79         8904.3         6490.5        3684.79        6616.51
        146.362        1015.64        8877.71        6483.63        3670.57        6610.58
        147.128        1013.44        8843.02        6489.05        3657.02        6605.64
        147.893        1011.39        8812.47        6490.92        3643.46        6598.19
        148.663        1009.34        8783.43        6490.26         3630.1        6592.45
        149.426        1007.27        8752.82         6491.9        3617.05           6589
        150.191        1005.25        8722.34        6494.09         3603.7        6584.87
        150.954        1003.28        8693.58         6494.9        3590.85        6581.92
        151.722        1001.32        8663.44        6497.93        3577.16        6576.46
         152.49        999.339        8633.81        6499.81         3564.9         6573.1
        153.255        997.426        8608.63         6495.9         3552.1        6569.22
        154.021        995.558        8582.27        6494.92        3539.57        6566.24
        154.787         993.71        8553.61        6498.04        3527.05        6561.37
        155.552        991.875        8527.45        6497.38        3514.82        6557.69
         156.32        990.093        8502.33        6496.19        3502.56        6551.19
        157.084        988.311        8476.75        6495.71         3490.1        6545.74
        157.848        986.636        8454.14        6492.87        3478.01        6538.74
        158.614        984.884        8425.89        6497.32        3466.27        6533.63
         159.38        983.178        8402.08        6495.66        3454.99         6529.9
        160.145        981.478        8376.32        6497.24         3443.2        6527.37
        160.911        979.832        8351.74        6498.11        3431.78        6525.41
        161.675        978.184        8330.08         6494.2        3420.15        6525.21
        162.439          976.6        8308.43        6491.76        3409.48         6522.4
        163.205        975.002        8285.08        6491.65        3398.43        6519.59
         163.97         973.46        8263.74        6489.59        3387.42        6516.79
        164.736        971.911        8241.76        6488.37        3377.22        6515.59
        165.499        970.433        8221.12        6486.59        3366.38        6512.55
        166.267        968.904         8196.8        6489.55        3356.38        6512.23
        167.034         967.41        8175.18        6488.89        3345.96        6507.21
        167.799        965.909        8155.08        6485.64        3336.01        6505.98
        168.566        964.455        8133.92        6485.15         3326.2        6503.78
        169.331        963.074        8113.68        6484.83        3316.33        6499.23
        170.096         961.76        8094.92        6483.65        3306.79         6493.9
        170.862        960.378        8072.47        6486.78        3296.88        6492.37
        171.626        959.096        8056.25        6482.18         3286.9        6486.72
        172.391        957.746        8035.53        6483.27        3277.69        6486.67
        173.157        956.392        8015.96        6482.34        3268.09        6486.62
        173.924        955.072        7997.42        6480.56        3258.86        6485.36
        174.686        953.792         7980.2        6477.55        3249.65        6482.39
        175.449         952.57        7962.77        6476.22        3240.73        6476.26
        176.214        951.368        7948.94        6469.51        3231.52        6472.14
        176.979         950.15        7933.04        6465.85        3223.26        6470.65
        177.745        948.972           7914        6468.04         3214.5        6466.56
        178.511        947.776        7898.46        6464.16        3205.49        6463.24
         179.28        946.638        7880.21        6465.97        3197.02        6460.06
        180.045        945.468         7866.4        6459.89        3188.31        6457.06
        180.812        944.321         7850.3        6458.01        3179.86        6454.38
        181.575        943.189         7833.5        6457.57        3171.51        6454.12
        182.342        942.044        7815.46        6458.77        3163.07        6453.81
        183.104        940.909        7800.69        6454.98        3154.97        6453.34
        183.869          939.8        7786.38        6451.06        3146.91        6450.83
        184.635        938.672        7772.25        6446.38        3138.82        6449.19
        185.402        937.622        7756.92        6445.39         3130.7        6445.81
        186.167        936.575        7738.81        6448.95        3123.11        6442.34
         186.93        935.546        7725.41        6445.37        3115.45         6437.8
        187.694        934.477        7706.52        6449.57        3107.72        6438.75
        188.458        933.434        7692.45        6446.63        3099.84        6438.01
         189.22        932.416        7674.87        6449.82        3091.91        6437.04
        189.984        931.388        7659.99        6448.49         3084.2         6435.7
        190.748        930.429        7646.17        6447.07         3076.5        6433.05
        191.513        929.456        7631.25        6447.04        3068.84        6431.99
        192.275        928.522        7618.78        6443.94        3060.94        6429.23
        193.038        927.506        7604.47        6441.94        3053.83        6432.02
        193.803        926.524        7592.43        6437.09        3046.43        6432.52
        194.566        925.532        7578.92        6434.32        3039.19        6434.75
        195.331        924.558        7564.35        6433.59        3031.92         6435.7
        196.093        923.629        7550.87        6432.15        3024.38        6435.55
        196.856        922.707        7535.86        6433.33        3017.32        6435.89
        197.619        921.809         7519.8        6436.73        3010.35        6435.17
        198.383        920.909        7506.66         6435.4        3003.28        6434.35
        199.149        920.019        7495.31        6431.41        2995.96         6431.7
        199.911        919.161         7484.1        6428.02         2988.9        6427.38
        200.673        918.312        7472.49        6425.56        2982.46         6424.4
        201.438        917.455        7461.83        6421.29        2975.66        6421.81
        202.199        916.616        7449.54        6419.97        2968.93        6421.33
        202.964         915.78        7439.46        6415.24        2962.07        6419.12
        203.727        914.925        7427.48        6413.07        2955.36        6415.47
        204.488        914.084        7416.49        6409.68        2948.97         6414.9
        205.251        913.207        7402.46        6410.17        2942.43        6417.14
        206.013        912.379        7390.85        6407.97        2935.83        6415.71
        206.779        911.534        7378.34        6406.76        2929.21        6416.23
        207.541        910.733         7367.2        6404.43         2922.8        6414.59
        208.303        909.929        7353.39        6406.15        2916.09        6414.09
        209.068        909.118         7342.1        6403.79        2909.64         6413.1
        209.832        908.312        7330.96        6401.29        2903.37         6412.9
        210.595        907.542        7319.39        6400.26        2896.91        6411.87
        211.357        906.757        7309.48        6396.31        2890.54        6408.91
        212.118        906.004        7298.92        6394.14         2884.4        6405.66
        212.877        905.232        7288.31        6391.53        2878.06        6403.98
        213.637        904.448        7274.05        6394.38        2871.83        6403.63
        214.402        903.673        7261.96        6394.01        2865.61        6402.82
        215.165        902.933        7250.05        6394.13        2859.29        6400.51
         215.93        902.167        7239.15           6392           2853        6400.53
        216.692        901.411        7230.47        6386.71           2847        6399.41
        217.456        900.678        7219.77        6385.14        2841.22        6398.19
        218.217        899.932         7210.9         6380.3        2835.15        6398.27
         218.98        899.184         7198.5        6380.92        2829.24        6400.76
        219.741        898.442        7185.91        6381.92        2823.25         6402.6
        220.502        897.759        7176.08        6380.04        2817.29        6400.34
         221.26        897.065         7167.2        6376.47        2811.61        6398.46
        222.022         896.37         7158.3         6372.9        2805.98        6397.25
        222.782        895.668        7147.88        6371.32        2799.96         6399.1
        223.544        894.948        7136.78        6370.37        2793.95           6402
        224.309         894.27        7127.75         6367.3        2788.19        6399.61
        225.073        893.606         7119.3        6363.64        2782.52        6398.37
        225.834        892.889        7109.25        6361.12        2776.65        6399.45
        226.597          892.2        7099.08        6359.59        2771.06        6398.14
        227.356        891.549         7090.7        6355.97         2765.2        6396.66
        228.116        890.907        7079.92        6356.44         2759.5        6393.72
        228.878        890.243        7071.93        6352.14         2754.3         6391.4
        229.641        889.571        7060.16        6353.28        2748.47        6392.63
        230.404        888.936        7048.25        6355.56         2742.7        6389.43
        231.165        888.281        7040.57        6350.69        2736.87        6388.21
        231.923        887.641        7030.57        6349.86        2731.36        6387.51
        232.686        887.031        7022.34        6346.89        2725.82        6387.77
        233.446        886.425        7014.54         6343.6        2720.57        6382.54
        234.205        885.792        7006.24         6340.3        2715.21        6381.39
        234.968        885.146        6998.12        6336.25        2709.56        6381.71
        235.729        884.476        6988.88         6333.5         2704.3        6383.79
        236.493        883.847        6978.66        6333.24        2699.15         6385.4
        237.251        883.235        6969.89        6331.17        2693.97        6383.46
        238.013        882.595        6961.32        6327.89        2688.46        6384.82
        238.776         881.97        6949.67        6329.93        2683.43        6387.14
        239.536        881.368        6940.51        6328.66        2678.36        6386.03
        240.294         880.76        6931.46        6326.94        2672.96        6385.25
        241.057        880.186        6922.76        6325.44        2667.63        6384.58
        241.817        879.582        6914.36        6322.88        2662.66        6384.56
         242.58        879.011        6905.53        6321.73        2657.79        6386.63
         243.34        878.398        6896.48        6319.91         2652.8        6387.32
        244.101        877.798         6888.5        6316.67        2647.64        6387.77
        244.858        877.184        6880.81        6312.61        2642.41        6388.68
        245.619         876.59        6870.55        6312.93        2637.29        6391.36
         246.38        876.028        6860.61        6313.59        2632.34        6392.85
        247.138        875.465        6851.15        6313.41        2627.25        6393.78
        247.899        874.905         6842.7        6311.84        2622.38        6394.63
        248.662        874.371        6835.55        6308.93        2617.64        6393.21
        249.422        873.805        6827.64        6306.31        2612.81        6394.89
        250.181         873.28        6819.29        6305.41        2608.03        6393.67
        250.944        872.742        6813.88        6299.62           2603        6390.29
        251.703         872.24        6807.38        6296.41        2598.18         6386.4
        252.464        871.741        6797.53        6298.47        2593.56        6384.98
        253.225        871.177        6788.28        6297.98        2588.92        6386.56
        253.986        870.664         6780.4        6296.38         2583.8        6385.86
        254.747        870.145        6771.27        6296.75        2579.14        6385.92
        255.508        869.632        6765.64        6291.92        2574.62        6384.39
         256.27        869.155        6757.48        6291.77        2569.98        6382.44
         257.03        868.623        6748.29        6291.82        2565.23        6384.01
        257.791        868.099        6739.21        6291.86        2560.58        6385.64
        258.537         867.61        6735.36        6284.82        2555.98         6381.7
        259.297        867.155        6731.36        6278.81        2551.44        6377.14
        260.057        866.647        6724.11        6276.44        2546.86        6377.59
        260.819        866.159        6719.84        6270.07        2542.28        6373.13
        261.575        865.662        6712.71         6267.9        2538.01        6372.68
        262.333        865.165         6704.7        6267.03        2533.62         6372.8
        263.092        864.711        6700.63        6261.12        2529.09        6367.65
        263.852        864.201        6694.33        6257.29        2524.72        6367.23
        264.612        863.719        6687.89         6254.4        2520.42        6365.54
        265.366         863.24        6679.29        6254.58        2515.84        6367.48
        266.128        862.771        6669.79        6256.43        2511.32        6368.98
        266.887        862.273        6662.55        6254.16        2506.95        6371.71
        267.645        861.798        6653.25         6255.8        2502.83        6371.51
        268.403        861.332        6645.67        6254.75        2498.36        6372.23
        269.162         860.85         6636.9        6255.23        2494.13        6374.37
        269.924        860.386        6629.75        6253.59        2489.82        6375.84
        270.682        859.942        6623.69        6250.92        2485.63        6373.65
        271.438        859.486         6617.2        6248.79        2481.73        6371.19
        272.196        859.034        6610.98         6246.2        2477.61        6369.43
        272.955        858.595        6606.89        6240.34        2473.15        6368.61
        273.713        858.155        6600.39        6238.37        2469.05        6368.22
        274.472        857.698        6591.01        6240.44        2465.08        6369.85
         275.23         857.25        6585.88        6235.93        2460.76        6371.19
        275.985        856.815        6579.62        6233.46         2456.5        6372.89
        276.743        856.375        6573.07        6231.49        2452.34        6372.19
        277.499        855.954         6566.4        6230.24        2448.41        6371.47
        278.256        855.512        6559.56        6228.74        2444.58         6372.4
        279.014        855.099        6555.19        6224.05        2440.58        6371.87
        279.774        854.674        6549.31        6221.57        2436.82        6371.22
         280.53        854.245        6542.02        6220.91        2432.88        6373.67
        281.289        853.847        6537.76        6216.41        2428.78        6370.22
        282.046        853.431        6532.86        6212.38         2424.7        6369.82
        282.803            853        6526.26         6210.6        2420.82        6372.27
        283.563        852.566        6521.74        6205.53        2416.86         6373.9
         284.32        852.157         6513.6        6206.68        2413.02        6374.88
        285.078        851.735         6507.6        6204.25        2409.22        6375.79
        285.836        851.313        6501.62        6201.55         2405.2        6378.69
        286.594        850.938        6498.08        6196.67         2401.5        6374.87
        287.351        850.552         6494.5        6191.74           2398        6370.19
         288.11        850.149        6489.42        6188.29        2394.02        6368.55
        288.868        849.747        6481.96        6188.59        2390.51        6371.48
        289.623         849.36        6477.66         6184.5        2386.98        6371.19
         290.38        848.953        6470.12        6184.62        2383.23        6374.02
        291.136        848.577        6464.84        6182.23        2379.58         6372.8
        291.892        848.189        6460.75         6177.7        2375.87         6371.1
         292.65        847.826        6455.54        6175.41        2372.12        6370.03
        293.407        847.451        6448.95        6174.95        2368.59        6371.41
        294.166        847.083        6445.65        6169.75         2365.1        6370.33
        294.926        846.749        6440.38        6168.29        2361.38        6366.68
        295.683        846.398        6434.98        6166.51        2357.56        6364.28
        296.436        846.032        6431.53        6161.43        2353.95        6363.84
        297.193        845.676        6428.25        6156.72         2350.7        6360.15
         297.95        845.292         6421.4         6156.5        2347.32        6362.01
        298.706        844.909        6414.07        6156.82        2343.91        6366.71
        299.461        844.543        6408.34        6155.17         2340.4        6368.44
        300.216        844.168        6403.78        6151.32        2336.64        6370.41
        300.969        843.838        6399.61        6148.33        2333.19        6367.19
        301.724        843.499        6394.38         6146.8        2329.91        6365.55
        302.481        843.186        6391.21        6142.88        2326.59        6359.83
        303.235        842.863        6388.97        6137.15         2323.2        6356.02
        303.991        842.543        6385.41        6133.42        2319.79        6353.22
        304.747        842.191        6378.99        6133.23        2316.57        6355.22
        305.499        841.876         6374.3        6131.46        2313.42        6353.35
        306.252        841.543        6369.23        6129.75        2310.29        6353.97
         307.01        841.236        6366.02        6126.02        2307.12        6349.09
        307.764        840.904        6362.73        6121.51         2303.7        6347.38
        308.521        840.593        6357.51        6120.52        2300.41        6345.32
        309.278        840.296        6353.86        6117.48        2297.12        6342.43
        310.033        839.971        6350.62        6113.31        2294.13        6340.86
        310.789        839.676         6348.1        6108.62        2290.87        6337.09
        311.543        839.373        6345.82        6103.36        2287.55        6333.09
        312.299        839.076        6340.39        6102.87        2284.38        6334.01
        313.051        838.764        6338.07        6097.35        2281.09        6332.24
        313.804         838.45         6332.1        6097.42         2278.1        6333.63
        314.558        838.151        6324.77        6099.89        2275.14        6334.81
        315.313         837.84         6318.3        6100.85         2272.1        6334.09
        316.068        837.507        6313.47        6098.75        2269.05        6334.33
        316.823        837.208        6308.88        6096.93        2265.86        6334.24
        317.578        836.906        6304.16        6095.43        2262.84        6332.67
        318.336        836.632         6298.1        6096.67        2259.83         6329.6
        319.088        836.324        6293.92        6094.17         2256.8        6328.57
        319.846        836.035        6292.08         6088.8        2253.94        6324.65
        320.598        835.741        6287.02        6087.86        2250.91        6324.84
        321.352        835.443        6285.59        6081.39        2247.91        6323.87
        322.105        835.148        6283.32        6076.38        2245.02        6321.49
        322.862        834.864        6280.89         6071.8           2242        6319.22
        323.612        834.586        6277.14         6069.3        2239.06        6318.42
        324.365         834.29        6273.54        6066.04        2236.08        6319.62
         325.12        834.028        6271.35        6061.61        2233.08        6315.82
        325.873        833.788        6267.26        6060.68        2230.17        6311.25
        326.626        833.514        6262.56        6059.68        2227.25        6311.03
         327.38        833.232        6256.84        6059.91        2224.34        6313.48
        328.135        832.976           6253        6057.98        2221.29         6311.5
        328.888        832.713        6248.51           6057        2218.39        6309.22
        329.642        832.439        6244.38        6055.36        2215.66        6306.85
        330.395        832.157        6241.56        6051.46         2212.9        6305.76
        331.149         831.91        6235.14        6053.92        2210.36        6305.62
        331.905        831.656        6233.14         6049.4        2207.51        6302.56
        332.657        831.413        6230.79        6045.75        2204.74        6298.97
        333.411        831.153        6227.91        6042.85        2202.34        6294.68
        334.166        830.897        6225.64        6038.73        2199.59        6292.05
        334.923        830.633        6223.73        6033.82        2196.75        6289.33
        335.677        830.373         6221.5        6029.54        2193.98        6286.48
         336.43        830.097         6216.6        6028.79        2191.31        6288.37
        337.183        829.848        6212.75        6027.36        2188.81        6286.76
        337.935        829.623        6209.66        6025.37        2186.17        6281.46
        338.688        829.383         6206.9        6022.38         2183.6        6280.09
        339.441        829.125        6203.56        6019.72        2180.92        6280.06
        340.193        828.878        6200.57        6017.07        2178.39        6276.94
        340.946        828.633        6197.62        6014.37        2175.82        6273.25
        341.697        828.379        6193.67        6012.77        2173.29        6274.36
         342.45        828.141        6191.87        6008.25        2170.57        6272.33
        343.203        827.887        6188.45        6005.93        2168.08        6272.19
        343.955         827.65        6186.71         6001.6        2165.62        6269.16
         344.71        827.422        6181.26        6002.87        2163.03        6268.42
        345.461        827.199        6177.42        6001.91         2160.4        6265.13
        346.215         826.99        6174.42        6000.12        2157.83        6260.25
        346.965        826.756        6170.47           5999        2155.42        6261.12
        347.714        826.508        6166.92        5997.19        2153.13        6260.39
        348.463        826.271        6164.15        5994.32        2150.69        6258.66
        349.217        826.073        6161.63         5992.1        2148.24        6254.12
        349.966        825.847        6159.32        5988.86        2145.82        6251.49
        350.716        825.613        6157.48        5984.68        2143.39        6249.19
        351.465        825.383        6155.92        5980.07        2140.84        6246.55
        352.215        825.152        6150.85        5980.59        2138.39        6248.68
        352.965        824.935        6150.11        5975.24        2135.96        6244.42
        353.713        824.694        6147.82        5971.46        2133.58        6244.46
        354.466        824.473        6145.31        5968.73        2131.23        6240.69
        355.218        824.235        6141.04         5967.9        2128.78        6242.16
        355.969         824.03        6139.71        5963.75        2126.39        6236.93
         356.72        823.846        6137.07        5962.07        2124.11        6232.64
        357.472        823.627        6134.55        5959.08        2121.65        6232.05
        358.223        823.428        6132.57         5955.8        2119.19        6230.06
        358.973        823.203        6128.27         5955.4        2116.79        6229.92
        359.725        822.986        6126.69        5951.32        2114.48        6226.34
        360.475         822.79        6123.91        5949.43        2112.12        6223.11
        361.224        822.578        6121.71        5946.36        2109.89        6221.55
        361.974        822.348        6120.58        5941.41        2107.77        6218.92
        362.725        822.137        6117.52        5939.34        2105.34        6219.43
        363.475         821.93        6117.33        5933.55         2103.2        6214.95
        364.225        821.748        6112.62        5934.82        2100.89        6213.51
        364.977        821.548        6108.04        5935.36         2098.5         6213.4
        365.732        821.354         6104.5        5934.57        2096.17        6211.62
        366.483        821.156        6106.05        5926.37        2093.93        6205.01
        367.233        820.961        6103.79         5923.9        2091.78        6200.86
        367.984        820.738        6103.04        5918.63        2089.67         6196.5
        368.733        820.558        6097.81        5920.84        2087.56        6195.73
        369.483         820.37        6093.01        5922.16         2085.4        6194.95
        370.233        820.196        6090.63        5920.12        2083.03        6191.15
        370.982        819.998        6089.81        5915.14        2080.69        6188.56
        371.731        819.804        6088.03           5912        2078.64        6185.41
        372.483        819.609        6086.87        5907.97        2076.64        6181.68
        373.236        819.433        6083.28        5907.78        2074.49        6179.73
        373.984        819.259        6078.84        5908.88         2072.3        6178.07
        374.733        819.065        6075.29         5908.2        2070.23        6177.92
        375.482        818.872        6071.67         5907.7        2068.19        6177.39
         376.23        818.708        6067.77        5908.23         2066.1        6176.24
        376.977        818.525         6064.2        5907.83        2063.98         6175.1
        377.728        818.348        6062.86        5904.48        2062.03        6171.26
         378.48        818.175        6062.05        5900.63        2060.18        6165.18
        379.228        818.002        6061.66        5896.12        2058.32        6159.72
        379.977         817.82        6061.88        5890.36        2056.36         6154.2
        380.726        817.652        6060.86        5886.65        2054.35        6150.15
        381.475        817.501        6060.52        5882.41        2052.31        6143.46
        382.224        817.337        6056.34         5883.1        2050.01        6142.81
        382.974        817.144        6053.18        5882.09        2048.17         6141.7
        383.721         816.97        6051.17        5879.65         2046.2        6139.89
        384.467        816.771        6048.32        5877.75        2044.14        6140.35
        385.215        816.608        6048.06        5873.26        2042.34           6135
        385.963        816.433        6047.56        5868.59        2040.38        6131.62
        386.711        816.235        6044.32        5867.48        2038.62        6133.79
        387.459        816.045        6044.18        5862.23        2036.91         6129.9
         388.21        815.867        6043.96        5857.15        2034.88         6124.1
        388.957        815.693         6040.4        5856.96        2032.86        6122.82
        389.706         815.52        6040.89        5851.06        2031.05        6118.05
        390.452        815.365        6039.97        5847.38        2028.95         6113.2
        391.201        815.204        6038.08        5845.06        2026.91        6109.25
        391.948        815.043        6033.87        5846.13        2024.94        6108.58
        392.694        814.888        6032.78        5842.78        2022.95        6104.29
        393.442         814.73        6027.36        5845.52        2020.89        6106.04
        394.188        814.572        6023.91        5845.68        2019.03        6103.81
        394.934        814.416        6021.63        5844.22        2017.15        6099.59
        395.681        814.259        6019.45        5842.32        2015.22        6098.82
        396.428         814.12        6017.86        5840.15        2013.27        6093.21
        397.174         813.95        6017.43        5835.48        2011.39        6090.74
        397.919         813.78        6017.27        5830.44        2009.54        6087.98
        398.667        813.622        6012.88        5831.99        2007.75         6087.2
        399.413        813.457        6013.19        5826.71        2006.14        6081.91
         400.16        813.322        6012.53        5823.37        2004.36        6076.73
        400.908        813.185        6010.04        5822.42        2002.44        6074.55
        401.655        813.036        6009.29        5818.95        2000.69        6068.98
          402.4        812.865        6007.25        5816.73        1998.94         6067.7
        403.147         812.71        6005.63        5814.11        1997.06        6065.97
        403.889        812.575        6004.27        5811.68        1995.16         6060.4
         404.64        812.421        6001.69        5810.62        1993.29        6056.86
        405.387        812.258        5998.72        5810.08        1991.73        6057.19
        406.134        812.102        5998.46        5805.65        1990.05        6053.51
         406.88        811.958        5997.76        5802.07        1988.25        6049.56
        407.625        811.811        5995.61        5800.65        1986.61        6047.48
        408.373        811.679        5994.81        5797.57        1984.87        6042.08
        409.118         811.54        5995.92        5791.51         1983.1        6035.51
        409.867          811.4        5994.16        5789.83        1981.47        6030.12
        410.614        811.273         5991.6        5789.38        1979.71        6027.08
        411.359        811.125         5987.9        5790.24        1978.08        6025.71
        412.103         810.99        5984.25        5791.11        1976.32         6025.3
         412.85        810.879        5983.14        5788.93        1974.54        6019.33
        413.595         810.72        5980.18        5788.34         1972.9        6019.39
        414.342        810.598        5976.49        5789.72        1971.26        6017.82
        415.088        810.463        5974.93        5787.57        1969.52        6014.88
        415.831        810.283        5975.61        5780.94        1967.82        6015.64
        416.578        810.125        5975.71        5775.93        1966.16        6012.21
        417.325            810        5974.07        5774.19        1964.47        6008.43
        418.069        809.855        5971.43        5773.49        1962.84        6007.47
        418.815        809.704        5969.98        5771.15        1961.37        6003.39
         419.56        809.571        5970.56        5766.17        1959.85        5998.26
        420.307        809.445        5966.93        5767.35        1958.17        5995.65
        421.052        809.301        5965.69        5764.63        1956.53         5992.6
        421.797        809.172        5965.31        5761.07        1954.95        5987.64
         422.54        809.045        5964.38         5758.3        1953.28         5982.5
        423.285        808.921        5963.98        5755.03        1951.76        5975.87
         424.03         808.81        5962.22         5753.9        1950.12        5970.17
        424.773        808.689        5960.57        5752.42        1948.58        5965.97
        425.519        808.564        5958.21        5751.75        1946.96        5963.57
        426.261        808.438        5953.74        5754.09        1945.32        5964.01
        427.004        808.319        5952.89        5751.44        1943.77        5959.36
        427.749        808.219         5949.9        5752.34        1942.17        5955.52
        428.491        808.107        5950.48        5747.82        1940.63        5948.37
        429.236        807.987        5948.62        5746.48        1938.97        5945.04
        429.985        807.873        5947.17        5744.85         1937.4        5939.87
        430.727         807.76        5946.44        5741.96        1935.73        5936.04
        431.473        807.636        5944.89        5740.06        1934.04         5932.8
        432.216        807.516        5941.54        5740.86        1932.41        5931.72
        432.963        807.384        5941.45        5736.85        1930.96        5927.65
        433.708        807.235        5938.56        5736.19        1929.28        5929.72
        434.454        807.124         5939.4        5731.16        1927.69        5923.39
        435.199        807.015        5938.36        5728.98        1926.15        5919.06
        435.944        806.894        5936.86        5727.14         1924.6         5916.5
        436.688        806.786        5935.63        5725.21           1923        5911.85
        437.434        806.668        5933.59        5724.24        1921.43        5908.87
        438.176         806.54        5930.74        5724.25        1919.96        5908.34
        438.921        806.415        5929.44         5722.1        1918.42        5904.22
        439.666         806.28        5929.47        5717.71        1916.86        5900.54
         440.41        806.158        5927.69        5716.45         1915.5        5898.36
        441.151        806.041        5925.07        5716.58        1914.14        5895.63
        441.895        805.917        5924.23        5713.93        1912.73        5890.29
        442.643        805.802        5922.45        5712.86         1911.3        5885.17
        443.386        805.701        5921.58        5710.54        1909.67        5879.59
        444.134        805.579        5919.81        5709.12        1908.16        5876.34
        444.877        805.446        5919.63        5705.08        1906.65        5873.22
        445.621        805.312         5919.5         5701.1        1905.32        5871.25
        446.363        805.206        5917.94        5699.84        1903.91         5867.4
        447.108        805.091         5918.3        5695.44         1902.4        5862.36
        447.851        804.959         5916.1        5694.29        1900.89        5862.28
        448.595        804.862        5914.24        5693.48         1899.3        5858.33
        449.341        804.758        5912.28        5692.72         1897.8        5855.01
        450.087         804.67        5911.49        5690.51        1896.23        5850.58
        450.826         804.55        5910.92        5687.34        1894.76        5847.46
         451.57        804.455        5906.92        5689.59        1893.16        5847.56
        452.314        804.345        5905.01        5688.51        1891.59        5844.79
        453.056        804.225        5901.99        5689.14        1890.26         5842.9
          453.8        804.109        5899.97        5688.29        1888.84        5840.01
        454.545        804.016        5896.22        5690.24         1887.3        5839.45
         455.29        803.923        5895.54        5687.84        1885.72        5832.94
        456.035        803.812        5894.43         5685.7        1884.26        5829.01
        456.775        803.704        5890.94        5686.99        1882.77        5829.58
        457.517        803.571        5889.59         5684.9        1881.52        5827.65
         458.26        803.477        5889.85        5681.03        1879.96        5821.77
        459.004        803.374        5887.45        5681.06        1878.66        5820.24
        459.749         803.26         5886.2        5679.12        1877.26        5816.83
        460.489        803.154        5887.79        5673.16        1875.84        5810.32
        461.236        803.063        5888.68         5668.3        1874.14        5803.39
        461.978        802.975        5888.85        5664.69        1872.55        5795.91
        462.722        802.872        5888.36        5661.92        1871.21        5791.54
        463.464        802.768        5888.99        5657.48        1869.83        5785.72
        464.208        802.684        5887.43         5656.8        1868.51        5779.88
        464.952        802.588        5886.29        5654.96        1867.04        5776.17
        465.695        802.455        5884.27        5653.59        1865.71         5778.3
        466.436         802.31        5882.32        5651.89        1864.37        5780.02
         467.18        802.216        5880.64        5650.94        1862.97        5777.16
         467.92        802.114        5878.59        5650.23         1861.5        5776.05
        468.663        802.008        5875.95        5650.37        1860.02        5773.57
        469.404        801.898        5876.41        5645.92        1858.57         5768.2
        470.144         801.78        5874.79        5644.49        1857.26        5765.17
        470.885        801.652        5874.48        5640.82        1855.89         5762.8
         471.63        801.538        5873.39        5638.69        1854.56        5758.67
        472.371        801.414        5873.54         5634.5        1853.25        5754.96
        473.115        801.303        5873.75        5630.49        1851.95         5751.3
        473.857        801.189        5871.22        5630.36        1850.61        5751.51
        474.599          801.1         5868.4        5631.15        1849.21        5750.12
        475.339        801.013        5868.25        5628.38        1848.01        5743.96
        476.082        800.927        5866.43        5627.96        1846.72        5740.27
        476.821        800.816        5865.54        5625.48        1845.33        5737.34
        477.563        800.702        5861.61        5627.57        1844.09        5736.81
        478.308        800.571        5857.13        5629.88        1842.81        5740.94
        479.048        800.455        5856.85        5626.56         1841.6        5738.52
         479.79        800.339        5856.16        5623.58        1840.22        5737.89
        480.532        800.229        5853.14        5624.05        1838.79        5739.61
        481.273        800.121         5849.2        5626.25        1837.56        5739.85
        482.014        800.026        5848.36        5624.31         1836.4        5735.49
        482.751         799.91        5845.27        5624.94        1835.07        5736.05
        483.489        799.808        5843.75        5623.69        1833.79        5733.05
        484.229        799.698        5841.26        5623.45        1832.41        5734.33
         484.97        799.626         5837.4        5626.08        1830.98        5733.04
        485.713        799.552        5835.79        5625.43         1829.6        5729.24
        486.455        799.448        5838.02        5618.57        1828.26        5722.88
        487.197         799.33        5836.67        5616.65        1826.98        5721.74
         487.94        799.222        5834.81        5615.68        1825.66        5720.48
        488.682        799.126         5833.3        5614.51        1824.42        5718.83
        489.422        799.032        5836.92        5605.96        1823.15        5709.63
        490.163        798.941        5835.67        5604.41        1821.79        5707.06
        490.906        798.825         5832.1        5605.57        1820.45        5710.83
        491.646        798.739        5829.04        5606.92        1819.18        5708.98
        492.384        798.655        5827.96        5605.15        1817.76        5706.78
        493.127        798.535        5824.85        5605.89        1816.65        5708.54
         493.87        798.445        5823.37        5604.99        1815.49        5704.79
        494.607        798.349        5824.16        5600.34        1814.16        5700.85
        495.345        798.257        5824.94        5595.85        1812.87         5696.5
        496.084        798.161        5822.91         5595.4         1811.6        5695.27
        496.826         798.07        5822.56        5592.58        1810.32        5692.03
        497.567         797.98        5820.59        5592.14        1809.03        5691.09
        498.305        797.889        5819.89        5589.74        1807.65        5687.54
        499.043        797.805        5818.46        5588.57        1806.28        5684.66
        499.782        797.688        5818.84        5584.06        1805.02        5683.74
        500.522        797.607        5819.13         5580.5        1803.69        5678.27
        501.264        797.521        5817.28        5580.04        1802.44        5676.08
        502.006        797.443        5815.72        5579.13        1801.06        5673.65
        502.743         797.34        5814.12        5577.88        1799.78        5672.21
        503.482        797.253        5810.14        5580.17        1798.36        5674.52
        504.221        797.145        5810.86        5575.46        1797.16        5672.38
         504.96        797.034        5808.78        5574.77        1795.98        5673.28
        505.699        796.943         5807.8         5572.9        1794.73        5670.59
         506.44        796.886        5803.58        5576.46        1793.41        5668.99
        507.178        796.813         5802.4        5575.05        1792.04        5667.33
        507.921        796.732        5802.52        5571.89        1790.84         5661.9
        508.663        796.652        5801.86        5569.81        1789.62         5658.8
        509.404         796.54        5800.27        5568.57        1788.57         5658.9
        510.143        796.442        5797.91         5568.6        1787.34         5657.3
        510.884        796.348        5797.34        5566.12        1786.17        5654.92
        511.626        796.214        5794.46        5566.14        1785.07        5659.03
        512.366        796.115        5791.93        5566.24         1783.8        5659.99
        513.107         796.02         5789.5        5566.29        1782.51        5659.83
        513.847        795.904         5790.1        5561.66        1781.37        5657.11
        514.587        795.822        5790.23        5558.24        1780.02        5652.74
        515.328        795.724        5790.45        5554.48        1778.85        5650.35
        516.067        795.637        5787.05        5556.15        1777.59        5650.62
        516.806        795.555        5785.26        5555.35        1776.19        5650.33
        517.542        795.463         5781.5        5557.53        1774.98        5651.17
        518.283        795.364        5779.76        5556.69        1773.86        5650.41
        519.024         795.26        5779.21        5553.69        1772.58        5650.93
        519.762        795.164        5777.06        5553.32        1771.33         5651.4
        520.502        795.076        5774.96        5553.09        1770.09        5650.41
         521.24        795.002        5772.65        5553.46        1768.84        5649.27
        521.978        794.933        5770.19        5554.48        1767.76        5645.64
        522.715        794.829        5768.01        5554.06        1766.61        5646.58
        523.452        794.755        5767.38        5551.94        1765.31        5642.72
        524.191        794.676        5765.12        5552.17        1764.09           5642
        524.936        794.583        5761.76         5553.8        1762.98        5643.01
        525.677        794.489        5759.29        5553.95        1761.76        5643.38
        526.415        794.382        5758.75        5551.26         1760.7        5641.56
        527.153         794.29        5758.05        5549.09        1759.62        5639.61
        527.891        794.208        5759.57        5544.08        1758.58        5632.26
        528.632        794.109        5758.82        5541.68        1757.42         5631.4
        529.371        794.009         5759.4        5537.46        1756.33        5627.88
        530.107         793.91        5759.48        5533.94        1755.18        5624.74
        530.845        793.824        5757.43         5533.7        1753.96        5623.23
        531.586         793.71        5753.08        5536.15        1752.79        5627.87
        532.326        793.617        5752.83        5533.05        1751.56        5626.34
        533.064        793.536         5751.9        5531.55        1750.54        5623.36
        533.802        793.481        5751.32        5529.76        1749.26         5619.2
        534.542         793.41        5751.65        5526.49        1748.09         5613.2
        535.276        793.306         5750.3        5524.97           1747        5612.59
        536.015        793.216        5749.54        5522.99        1745.96        5609.65
        536.752        793.137        5746.83        5523.79        1744.73        5609.88
        537.489        793.049        5742.42        5527.08        1743.66        5612.35
        538.231        792.965         5740.7        5526.38        1742.46        5611.37
        538.969        792.908        5739.77        5525.21        1741.26        5605.98
        539.708        792.848        5737.97        5525.06        1739.97        5602.83
        540.449        792.751        5735.85        5524.82        1738.87        5601.56
         541.19        792.633        5733.52        5524.43        1737.81        5603.05
         541.93        792.564        5733.83         5521.1        1736.63        5599.41
         542.67        792.487        5732.57        5519.85        1735.42        5597.82
        543.407        792.417        5732.59        5516.98        1734.26        5593.91
        544.144        792.343        5731.44        5515.51        1732.97        5592.11
        544.881        792.217        5728.33        5516.14        1731.97        5595.26
        545.616        792.122        5727.06        5514.62        1730.85         5594.2
        546.353        792.053        5724.71         5515.2        1729.69        5593.17
        547.093        791.969         5722.5        5515.37        1728.63        5592.94
        547.832        791.896        5719.49        5516.64        1727.34        5592.69
        548.571        791.792        5716.52        5517.23        1726.16         5595.6
        549.311        791.722        5714.72        5516.88        1724.92        5593.84
        550.049         791.64        5715.54        5512.59        1723.78        5589.84
        550.787        791.556        5713.29        5512.79        1722.71        5589.28
        551.523        791.495         5710.1        5514.81         1721.6        5588.81
        552.257        791.447        5708.63        5514.65        1720.46        5584.36
        552.999        791.317        5707.44        5512.29        1719.44        5586.97
        553.737        791.249        5706.67        5510.88        1718.45        5582.12
        554.475        791.149        5705.22        5509.52        1717.35        5581.61
        555.212        791.084        5701.34        5512.42        1716.21        5582.34
        555.952        791.023        5700.29        5511.29        1715.06         5578.7
        556.692        790.934        5699.82        5508.57        1713.88         5578.1
        557.431        790.838        5699.36        5505.75        1712.73        5577.44
        558.171        790.763        5696.02         5507.7        1711.63        5577.47
        558.908        790.661        5695.69        5504.66        1710.54        5575.81
        559.646        790.583        5695.28        5502.15        1709.37        5573.33
        560.383        790.487        5695.18        5498.96        1708.33        5572.49
        561.119        790.413        5694.09        5497.76        1707.27        5569.03
        561.854         790.31        5690.67        5499.31        1706.28        5570.79
         562.59        790.219        5689.14        5498.21        1705.16        5570.72
        563.327        790.118        5685.07        5500.61        1704.12         5575.2
        564.066        790.036        5684.45        5498.54        1703.09        5572.62
        564.803         789.97        5682.68        5498.09        1701.84        5572.95
        565.538         789.91        5681.36        5497.41        1700.74        5569.77
        566.275        789.831        5679.37        5497.32        1699.68        5569.17
        567.014        789.746        5679.58        5493.95        1698.66        5566.33
        567.752        789.691        5677.04        5495.09        1697.52        5564.55
        568.489        789.607         5677.3        5491.77        1696.58        5562.31
        569.229         789.53        5675.03        5492.27        1695.62         5561.8
        569.967        789.449        5674.99        5489.48        1694.66        5557.96
        570.704        789.369        5675.16        5486.22        1693.61        5555.71
        571.442        789.294        5671.74        5488.01        1692.43        5558.66
        572.178        789.194        5670.32        5486.62        1691.42        5560.41
        572.914        789.127        5669.88        5484.48         1690.3        5556.78
        573.651        789.069        5668.08        5484.12        1688.99        5556.61
        574.391        788.982        5667.92        5481.25        1687.98        5554.42
        575.131        788.908        5668.35        5477.38        1686.68        5551.37
        575.865        788.836        5664.61        5480.01        1685.65        5552.26
        576.602        788.743        5662.72        5479.36        1684.56        5553.14
         577.34        788.681        5662.87        5476.38        1683.43        5549.93
        578.074        788.606        5659.36        5478.51        1682.38        5552.19
        578.815        788.524         5656.2        5480.23        1681.41        5551.42
        579.554        788.453        5655.48        5478.39        1680.35        5549.79
        580.289          788.4        5652.59        5480.01        1679.19        5548.84
        581.027        788.328        5650.07         5480.6        1678.08        5551.47
        581.766         788.25        5650.82        5476.33        1676.93        5549.68
        582.506        788.178        5650.48        5473.68        1675.72        5548.74
        583.243        788.107        5647.29        5475.48        1674.66        5548.61
        583.981        788.049         5644.7        5476.79        1673.71        5548.64
        584.718        787.973        5643.53        5475.44        1672.62        5548.17
